2 0.5015625 0.20546875 0.4359375 0.1796875
0 0.09921875 0.2765625 0.10390625 0.13671875
0 0.29140625 0.3265625 0.07265625 0.084375
0 0.440625 0.3765625 0.1 0.1234375
0 0.5828125 0.39765625 0.053125 0.06875
0 0.68671875 0.4390625 0.08203125 0.08984375
0 0.80625 0.46640625 0.046875 0.08046875
0 0.8703125 0.49765625 0.04296875 0.08359375
0 0.3203125 0.84375 0.10703125 0.10390625
0 0.5015625 0.8734375 0.08203125 0.0390625
0 0.68125 0.88203125 0.140625 0.0453125
0 0.79609375 0.87734375 0.06640625 0.03671875
0 0.89765625 0.875 0.05625 0.0234375