2 0.50703125 0.20546875 0.4390625 0.1875
0 0.103125 0.26953125 0.10625 0.1390625
0 0.29453125 0.32265625 0.0734375 0.0859375
0 0.44296875 0.37578125 0.1015625 0.125
0 0.584375 0.39921875 0.0546875 0.0703125
0 0.6875 0.4421875 0.0828125 0.090625
0 0.80703125 0.471875 0.0484375 0.08125
0 0.8703125 0.50390625 0.04375 0.084375
0 0.3140625 0.840625 0.109375 0.10625
0 0.4953125 0.8734375 0.0828125 0.040625
0 0.67421875 0.88515625 0.140625 0.0484375
0 0.78984375 0.8828125 0.0671875 0.0375
0 0.89140625 0.88203125 0.05625 0.025