2 0.49609375 0.20546875 0.4390625 0.1875
0 0.0953125 0.28359375 0.10625 0.1390625
0 0.28828125 0.33046875 0.0734375 0.0859375
0 0.43828125 0.37734375 0.1015625 0.125
0 0.58125 0.39609375 0.0546875 0.0703125
0 0.6859375 0.4359375 0.0828125 0.090625
0 0.80546875 0.4609375 0.0484375 0.08125
0 0.8703125 0.49140625 0.04375 0.084375
0 0.3265625 0.846875 0.109375 0.10625
0 0.5078125 0.8734375 0.0828125 0.040625
0 0.6875 0.87890625 0.140625 0.0484375
0 0.80234375 0.871875 0.0671875 0.0375
0 0.90390625 0.86796875 0.05625 0.025