0 0.02890625 0.621875 0.0421875 0.0734375
0 0.42109375 0.2625 0.0796875 0.040625
0 0.31875 0.37265625 0.040625 0.0921875
0 0.140625 0.53125 0.0515625 0.034375
0 0.40234375 0.49296875 0.025 0.05
0 0.3296875 0.51484375 0.03125 0.034375
0 0.22890625 0.596875 0.0203125 0.021875
0 0.83046875 0.228125 0.115625 0.08125
0 0.70625 0.26328125 0.046875 0.0453125
0 0.84296875 0.33671875 0.0203125 0.0671875
2 0.69375 0.1 0.26875 0.2
2 0.1453125 0.12109375 0.290625 0.2078125
2 0.38046875 0.20234375 0.10625 0.071875
2 0.021875 0.38828125 0.04375 0.3359375