0 0.05078125 0.6859375 0.0515625 0.0765625
0 0.3890625 0.27578125 0.084375 0.0515625
0 0.303125 0.39921875 0.0515625 0.0953125
0 0.14921875 0.58125 0.0546875 0.040625
0 0.40234375 0.50625 0.03125 0.0515625
0 0.33359375 0.5390625 0.0359375 0.0375
0 0.2453125 0.63359375 0.0234375 0.025
0 0.78984375 0.18515625 0.125 0.0953125
0 0.671875 0.23671875 0.053125 0.0515625
0 0.81640625 0.290625 0.0296875 0.06875
2 0.63671875 0.096875 0.2921875 0.19375
2 0.12578125 0.175 0.2515625 0.246875
2 0.33984375 0.22265625 0.1125 0.084375
2 0.028125 0.45703125 0.05625 0.3359375