0 0.0234375 0.596875 0.03828125 0.07109375
0 0.43359375 0.25859375 0.078125 0.03671875
0 0.32578125 0.36328125 0.03515625 0.090625
0 0.13984375 0.5125 0.05 0.03125
0 0.403125 0.4875 0.02265625 0.0484375
0 0.32890625 0.50625 0.0296875 0.0328125
0 0.22421875 0.5828125 0.01953125 0.02109375
0 0.84453125 0.24609375 0.1125 0.075
0 0.71875 0.27421875 0.0453125 0.04296875
0 0.85078125 0.3546875 0.0171875 0.06640625
2 0.715625 0.10546875 0.25859375 0.19921875
2 0.153125 0.10234375 0.30625 0.1921875
2 0.39609375 0.196875 0.10234375 0.06640625
2 0.02109375 0.3640625 0.0421875 0.334375