0 0.23359375 0.61328125 0.128125 0.2328125
0 0.21875 0.9453125 0.09375 0.0609375
0 0.353125 0.90234375 0.0484375 0.040625
0 0.47421875 0.87421875 0.15625 0.0765625
0 0.60859375 0.590625 0.3875 0.3140625
0 0.56640625 0.38671875 0.353125 0.2453125
0 0.98359375 0.7171875 0.0328125 0.08125
2 0.8375 0.46015625 0.325 0.5765625
2 0.31484375 0.48359375 0.16875 0.2328125
2 0.10234375 0.5734375 0.196875 0.3
2 0.24375 0.80234375 0.1046875 0.178125
2 0.51953125 0.7921875 0.06875 0.0890625
2 0.42890625 0.24609375 0.2203125 0.190625
2 0.69375 0.20078125 0.1859375 0.1203125