0 0.21796875 0.565625 0.090625 0.225
0 0.1453125 0.8890625 0.0875 0.046875
0 0.28515625 0.87109375 0.0453125 0.0328125
0 0.409375 0.8640625 0.153125 0.0515625
0 0.590625 0.6078125 0.353125 0.2609375
0 0.584375 0.4 0.3296875 0.1953125
0 0.96328125 0.803125 0.0734375 0.06875
2 0.8484375 0.521875 0.2546875 0.5515625
2 0.3203125 0.4515625 0.1359375 0.215625
2 0.09609375 0.503125 0.153125 0.2828125
2 0.19453125 0.753125 0.078125 0.1703125
2 0.46796875 0.79140625 0.05625 0.08125
2 0.4734375 0.2375 0.1984375 0.1625
2 0.74296875 0.2390625 0.1765625 0.0921875