0 0.21484375 0.55078125 0.0796875 0.22109375
0 0.12578125 0.8703125 0.0859375 0.04296875
0 0.26640625 0.859375 0.04296875 0.03125
0 0.390625 0.85859375 0.15078125 0.04296875
0 0.58515625 0.6125 0.34140625 0.24296875
0 0.58984375 0.4046875 0.32109375 0.178125
0 0.95234375 0.828125 0.08125 0.06484375
2 0.846875 0.53984375 0.2265625 0.53984375
2 0.3234375 0.4421875 0.125 0.209375
2 0.09609375 0.48203125 0.13828125 0.2765625
2 0.18203125 0.73671875 0.06953125 0.16640625
2 0.453125 0.7890625 0.0515625 0.07890625
2 0.4875 0.23671875 0.190625 0.15234375
2 0.75625 0.25234375 0.171875 0.08359375