0 0.28046875 0.39609375 0.13203125 0.225
0 0.11953125 0.484375 0.11328125 0.16015625
0 0.09375 0.6046875 0.1 0.13203125
0 0.25078125 0.57265625 0.09296875 0.0796875
0 0.6390625 0.3484375 0.03203125 0.0890625
0 0.93046875 0.35078125 0.1390625 0.4578125
2 0.09921875 0.2609375 0.16484375 0.2453125
2 0.3046875 0.17890625 0.18046875 0.16640625
2 0.41171875 0.440625 0.04296875 0.121875
2 0.0265625 0.4609375 0.0375 0.1421875
2 0.46875 0.1546875 0.06015625 0.1375
2 0.48203125 0.37265625 0.065625 0.1421875