0 0.46953125 0.1375 0.140625 0.1984375
0 0.4359375 0.5 0.046875 0.140625
0 0.43125 0.69375 0.05546875 0.1546875
0 0.43828125 0.91640625 0.03828125 0.10234375
0 0.18203125 0.75390625 0.06484375 0.34453125
0 0.56640625 0.52734375 0.06015625 0.17109375
0 0.57421875 0.759375 0.040625 0.16328125
0 0.68671875 0.79453125 0.0359375 0.13046875
0 0.584375 0.9390625 0.04921875 0.0953125
0 0.69375 0.94453125 0.04140625 0.09140625
0 0.6828125 0.609375 0.040625 0.15234375
0 0.78515625 0.6453125 0.03984375 0.1328125
0 0.7921875 0.8296875 0.04375 0.14453125
0 0.87109375 0.68359375 0.03125 0.121875
0 0.42578125 0.2890625 0.0328125 0.059375