0 0.45078125 0.13984375 0.1515625 0.20625
0 0.4359375 0.503125 0.0546875 0.1421875
0 0.44140625 0.696875 0.0640625 0.1578125
0 0.46015625 0.91875 0.04375 0.1046875
0 0.19609375 0.7703125 0.0828125 0.346875
0 0.56796875 0.52421875 0.06875 0.1734375
0 0.5875 0.75546875 0.0484375 0.165625
0 0.7015625 0.784375 0.0421875 0.1328125
0 0.60703125 0.934375 0.0546875 0.0984375
0 0.71640625 0.93359375 0.046875 0.09375
0 0.68828125 0.6 0.0484375 0.1546875
0 0.7921875 0.63046875 0.046875 0.134375
0 0.809375 0.8140625 0.0515625 0.146875
0 0.88046875 0.6640625 0.0375 0.1234375
0 0.41484375 0.29296875 0.0359375 0.0609375