0 0.140625 0.39765625 0.12578125 0.35859375
0 0.146875 0.784375 0.0625 0.05546875
0 0.296875 0.45078125 0.0328125 0.03984375
0 0.30390625 0.5421875 0.046875 0.04921875
0 0.30234375 0.6359375 0.0359375 0.04921875
0 0.303125 0.35390625 0.0578125 0.0609375
0 0.47890625 0.225 0.15390625 0.2921875
0 0.47734375 0.5421875 0.01796875 0.0296875
0 0.4796875 0.6265625 0.0171875 0.03671875
0 0.415625 0.5421875 0.01484375 0.01875
0 0.3578125 0.45390625 0.0203125 0.03515625
0 0.3609375 0.546875 0.0140625 0.02265625
0 0.3625 0.6296875 0.0140625 0.0265625
2 0.175 0.1078125 0.328125 0.20703125
2 0.090625 0.57890625 0.1390625 0.228125
2 0.346875 0.16640625 0.07578125 0.31328125
2 0.2078125 0.63984375 0.1078125 0.1515625