0 0.5140625 0.13671875 0.1640625 0.2140625
0 0.43671875 0.4921875 0.0640625 0.1453125
0 0.4078125 0.68359375 0.0734375 0.1609375
0 0.38828125 0.90546875 0.05 0.10625
0 0.153125 0.71328125 0.10625 0.35
0 0.5625 0.53515625 0.08125 0.1765625
0 0.5421875 0.76640625 0.0609375 0.1671875
0 0.64921875 0.81484375 0.0515625 0.134375
0 0.53046875 0.94609375 0.0609375 0.1
0 0.63828125 0.95859375 0.0515625 0.0828125
0 0.66796875 0.63046875 0.059375 0.15625
0 0.765625 0.67890625 0.05625 0.1359375
0 0.75 0.8625 0.0609375 0.1484375
0 0.84609375 0.72734375 0.0453125 0.125
0 0.45234375 0.28125 0.0390625 0.0625