0 0.16640625 0.33125 0.1921875 0.3765625
0 0.09921875 0.71171875 0.071875 0.065625
0 0.31015625 0.41328125 0.0390625 0.0453125
0 0.29921875 0.50390625 0.0546875 0.0578125
0 0.2796875 0.59609375 0.0453125 0.0546875
0 0.334375 0.31875 0.06875 0.0703125
0 0.53203125 0.22578125 0.20625 0.315625
0 0.46953125 0.53671875 0.0234375 0.0328125
0 0.45625 0.6203125 0.0234375 0.0390625
0 0.409375 0.525 0.01875 0.021875
0 0.36953125 0.42734375 0.0265625 0.0390625
0 0.3546875 0.51953125 0.01875 0.025
0 0.340625 0.60078125 0.01875 0.028125
2 0.25546875 0.09296875 0.3609375 0.1859375
2 0.0859375 0.4984375 0.171875 0.25
2 0.4125 0.1515625 0.134375 0.303125
2 0.18671875 0.58125 0.134375 0.16875