2 0.175 0.14375 0.30390625 0.28671875
2 0.53203125 0.0546875 0.059375 0.10625
2 0.11328125 0.7453125 0.08984375 0.215625
0 0.7265625 0.040625 0.0390625 0.0640625
0 0.35546875 0.19140625 0.05234375 0.10078125
0 0.48828125 0.0359375 0.02734375 0.05078125
0 0.0421875 0.565625 0.0796875 0.20703125
0 0.07734375 0.9328125 0.109375 0.134375
0 0.196875 0.43359375 0.115625 0.31484375
0 0.38671875 0.58203125 0.04375 0.090625
0 0.609375 0.73515625 0.07890625 0.14609375
0 0.90390625 0.13046875 0.04921875 0.06640625
0 0.746875 0.39609375 0.0484375 0.1359375
0 0.65390625 0.1515625 0.05546875 0.1109375
0 0.85234375 0.4734375 0.0296875 0.05703125
0 0.77109375 0.53515625 0.04453125 0.09375