2 0.31171875 0.09609375 0.2671875 0.1921875
2 0.84921875 0.23984375 0.3015625 0.44375
2 0.04765625 0.35078125 0.0953125 0.33515625
2 0.628125 0.06328125 0.14609375 0.1265625
2 0.175 0.58203125 0.12578125 0.19453125
0 0.12265625 0.86171875 0.140625 0.221875
0 0.06484375 0.690625 0.02265625 0.1328125
0 0.1921875 0.290625 0.0875 0.125
0 0.05546875 0.0609375 0.05625 0.12109375
0 0.11015625 0.1765625 0.0375 0.11484375
0 0.64765625 0.2296875 0.06875 0.159375
0 0.16953125 0.15078125 0.02109375 0.09609375
0 0.12578125 0.39453125 0.03515625 0.11015625
0 0.3890625 0.6234375 0.02890625 0.03828125
0 0.5953125 0.15625 0.01328125 0.09765625