0 0.146875 0.84921875 0.1171875 0.215625
0 0.36328125 0.9546875 0.0546875 0.090625
0 0.36328125 0.51875 0.0515625 0.0890625
0 0.36796875 0.3328125 0.071875 0.109375
0 0.38671875 0.0703125 0.075 0.071875
0 0.28828125 0.5921875 0.0328125 0.0703125
0 0.72578125 0.27421875 0.0734375 0.140625
0 0.9359375 0.36015625 0.1109375 0.1328125
0 0.95703125 0.81875 0.0859375 0.14375
0 0.64375 0.7328125 0.0625 0.0859375
0 0.6890625 0.9265625 0.0515625 0.0796875
0 0.58125 0.2515625 0.0390625 0.04375
2 0.490625 0.5 0.98125 1