0 0.0609375 0.64609375 0.121875 0.3609375
0 0.5453125 0.07734375 0.0765625 0.0765625
0 0.43125 0.3109375 0.0765625 0.1296875
0 0.3546875 0.46640625 0.0578125 0.075
0 0.26875 0.5 0.028125 0.0671875
0 0.37421875 0.28828125 0.0578125 0.1
0 0.353125 0.74609375 0.0265625 0.071875
0 0.5421875 0.7578125 0.0453125 0.0765625
0 0.70859375 0.8546875 0.025 0.053125
0 0.64609375 0.9515625 0.028125 0.0546875
0 0.7859375 0.38828125 0.103125 0.159375
0 0.95234375 0.5328125 0.0953125 0.109375
0 0.88203125 0.9734375 0.0578125 0.053125
0 0.6703125 0.2984375 0.0390625 0.0625
0 0.5140625 0.9765625 0.046875 0.046875
2 0.5 0.5 1 1