2 0.290625 0.10625 0.2765625 0.20625
2 0.834375 0.22578125 0.325 0.4515625
2 0.0484375 0.37421875 0.096875 0.3390625
2 0.6046875 0.06171875 0.153125 0.1234375
2 0.1796875 0.59921875 0.1359375 0.2015625
0 0.1421875 0.88125 0.1515625 0.2296875
0 0.07578125 0.71328125 0.0296875 0.134375
0 0.18203125 0.30703125 0.09375 0.1296875
0 0.0328125 0.08515625 0.0625 0.1234375
0 0.09375 0.19765625 0.04375 0.1171875
0 0.63359375 0.22265625 0.0765625 0.1625
0 0.1515625 0.16875 0.0265625 0.096875
0 0.12109375 0.4140625 0.040625 0.1125
0 0.3953125 0.62890625 0.03125 0.0390625
0 0.57734375 0.1515625 0.01875 0.0984375