2 0.19375 0.1390625 0.31875 0.278125
2 0.55546875 0.05703125 0.065625 0.109375
2 0.10078125 0.725 0.1015625 0.2203125
0 0.75 0.053125 0.0421875 0.065625
0 0.371875 0.184375 0.0578125 0.103125
0 0.5125 0.0359375 0.0296875 0.0515625
0 0.0421875 0.54140625 0.084375 0.2109375
0 0.05625 0.909375 0.1125 0.140625
0 0.20078125 0.41796875 0.13125 0.3203125
0 0.3828125 0.57578125 0.0484375 0.0921875
0 0.596875 0.740625 0.0859375 0.15
0 0.92265625 0.15234375 0.053125 0.06875
0 0.75234375 0.409375 0.05625 0.1390625
0 0.671875 0.16015625 0.0609375 0.1140625
0 0.853125 0.4921875 0.0328125 0.0578125
0 0.76875 0.54921875 0.05 0.0953125