2 0.16796875 0.25078125 0.128125 0.2296875
2 0.8796875 0.22265625 0.240625 0.4078125
0 0.21328125 0.88203125 0.1203125 0.2046875
0 0.2640625 0.6828125 0.0875 0.1984375
0 0.7578125 0.409375 0.075 0.0890625
0 0.9671875 0.8171875 0.040625 0.25625
0 0.2046875 0.05859375 0.090625 0.1171875
0 0.05859375 0.29765625 0.0609375 0.1234375
0 0.41015625 0.4 0.0734375 0.2171875
0 0.43125 0.67734375 0.05 0.0734375
0 0.596875 0.37265625 0.040625 0.0953125
2 0.753125 0.12421875 0.078125 0.20625
2 0.11640625 0.62578125 0.06875 0.1125