2 0.04609375 0.78671875 0.0921875 0.2421875
2 0.171875 0.52890625 0.171875 0.3578125
2 0.39140625 0.4765625 0.21875 0.303125
2 0.2453125 0.725 0.153125 0.19375
2 0.6 0.89140625 0.35625 0.2171875
2 0.67109375 0.4546875 0.2515625 0.3421875
2 0.696875 0.1734375 0.165625 0.2734375
2 0.49765625 0.27578125 0.1671875 0.2
0 0.63984375 0.71328125 0.1453125 0.2203125
0 0.77265625 0.7640625 0.215625 0.4203125
0 0.95703125 0.54921875 0.0859375 0.2546875
0 0.08359375 0.8359375 0.1265625 0.1734375
0 0.3125 0.784375 0.0828125 0.1390625
0 0.2515625 0.17734375 0.065625 0.1078125
0 0.2671875 0.5296875 0.08125 0.1921875