2 0.1515625 0.27421875 0.11328125 0.22265625
2 0.87578125 0.19609375 0.2453125 0.3921875
0 0.240625 0.90078125 0.10703125 0.1984375
0 0.27734375 0.6984375 0.0734375 0.19375
0 0.75078125 0.39140625 0.06875 0.084375
0 0.98828125 0.78359375 0.0234375 0.2546875
0 0.17421875 0.06875 0.08125 0.13671875
0 0.0453125 0.32890625 0.053125 0.11953125
0 0.403125 0.40625 0.05859375 0.2140625
0 0.44375 0.68203125 0.04453125 0.07109375
0 0.5875 0.36640625 0.034375 0.09296875
2 0.7265625 0.1078125 0.06484375 0.20234375
2 0.12578125 0.65234375 0.0609375 0.10859375