2 0.5 0.5 1 1
0 0.11484375 0.1125 0.0875 0.1359375
0 0.0484375 0.3875 0.0859375 0.125
0 0.196875 0.4328125 0.0375 0.1078125
0 0.29765625 0.9359375 0.0828125 0.128125
0 0.209375 0.9625 0.071875 0.075
0 0.5984375 0.90234375 0.0703125 0.159375
0 0.459375 0.1140625 0.05 0.0984375
0 0.5453125 0.10390625 0.065625 0.121875
0 0.753125 0.371875 0.0640625 0.1265625
0 0.81640625 0.5296875 0.0640625 0.1265625
0 0.58984375 0.3203125 0.109375 0.1984375
0 0.61171875 0.04453125 0.0640625 0.0890625
0 0.678125 0.23359375 0.0390625 0.059375