0 0.55703125 0.08125 0.1765625 0.1625
0 0.703125 0.21796875 0.08125 0.140625
0 0.84296875 0.4359375 0.0828125 0.171875
0 0.65078125 0.825 0.1078125 0.1359375
0 0.32578125 0.9375 0.0984375 0.125
0 0.071875 0.1421875 0.1203125 0.1390625
0 0.0484375 0.3984375 0.096875 0.2375
0 0.190625 0.4203125 0.0484375 0.075
0 0.38046875 0.321875 0.0609375 0.1421875
0 0.428125 0.3109375 0.0796875 0.1671875
0 0.43828125 0.1046875 0.046875 0.0734375
0 0.571875 0.5015625 0.0296875 0.0625
2 0.15234375 0.75703125 0.2953125 0.4859375
2 0.02734375 0.203125 0.0546875 0.16875
2 0.10390625 0.28359375 0.1484375 0.2
2 0.290625 0.11484375 0.19375 0.190625