2 0.23828125 0.1390625 0.2984375 0.2390625
2 0.7921875 0.2125 0.38125 0.425
2 0.053125 0.4390625 0.10625 0.346875
2 0.54140625 0.0609375 0.1671875 0.121875
2 0.196875 0.6421875 0.1609375 0.215625
0 0.19765625 0.90234375 0.1796875 0.1953125
0 0.109375 0.7703125 0.046875 0.134375
0 0.1578125 0.353125 0.109375 0.1390625
0 0.009375 0.15390625 0.01875 0.1296875
0 0.05546875 0.25703125 0.059375 0.1203125
0 0.59375 0.20625 0.0984375 0.1703125
0 0.10859375 0.2203125 0.0390625 0.0984375
0 0.1125 0.46796875 0.05625 0.1140625
0 0.41484375 0.6421875 0.0359375 0.04375
0 0.528125 0.14453125 0.03125 0.0984375