0 0.01875 0.56328125 0.0375 0.17890625
0 0.36953125 0.446875 0.10234375 0.10390625
0 0.6953125 0.45546875 0.1453125 0.2265625
0 0.8765625 0.10234375 0.03125 0.13515625
0 0.9109375 0.61796875 0.0640625 0.08046875
0 0.9375 0.44609375 0.0546875 0.07734375
0 0.80078125 0.38203125 0.0265625 0.1421875
2 0.54765625 0.11875 0.4421875 0.2296875
2 0.134375 0.24921875 0.16171875 0.32265625
2 0.95703125 0.19921875 0.08359375 0.3984375
2 0.69609375 0.69140625 0.14375 0.2421875
2 0.34921875 0.671875 0.09453125 0.259375