2 0.5 0.5 1 1
0 0.1796875 0.0609375 0.08125 0.121875
0 0.07109375 0.31796875 0.0796875 0.1203125
0 0.2109375 0.3859375 0.0328125 0.10625
0 0.23046875 0.909375 0.0765625 0.1453125
0 0.1390625 0.92734375 0.0671875 0.103125
0 0.534375 0.9125 0.0625 0.15625
0 0.5203125 0.1125 0.0453125 0.096875
0 0.60703125 0.115625 0.059375 0.1203125
0 0.76953125 0.41328125 0.0578125 0.1234375
0 0.8078125 0.57890625 0.0578125 0.125
0 0.61640625 0.33671875 0.1 0.19375
0 0.68359375 0.06171875 0.059375 0.1015625
0 0.7171875 0.26484375 0.0359375 0.0578125