2 0.37734375 0.84375 0.115625 0.1890625
2 0.2703125 0.87578125 0.1328125 0.20625
2 0.08125 0.76796875 0.084375 0.146875
2 0.4828125 0.87265625 0.0953125 0.1328125
2 0.70390625 0.8046875 0.221875 0.1640625
2 0.52265625 0.26875 0.2140625 0.45
0 0.4421875 0.58046875 0.0640625 0.0984375
0 0.03125 0.6421875 0.0375 0.071875
0 0.14140625 0.82265625 0.05625 0.103125
0 0.565625 0.934375 0.109375 0.13125
0 0.37734375 0.971875 0.0734375 0.05625
0 0.128125 0.5953125 0.1265625 0.19375
0 0.159375 0.4765625 0.0328125 0.0546875
2 0.38984375 0.36796875 0.115625 0.1984375