2 0.48984375 0.40234375 0.3078125 0.3015625
2 0.16484375 0.85546875 0.16875 0.2375
2 0.04140625 0.9109375 0.0828125 0.1625
2 0.43828125 0.6890625 0.171875 0.1625
0 0.04296875 0.68203125 0.0859375 0.2578125
0 0.09453125 0.4203125 0.11875 0.2328125
0 0.1546875 0.1546875 0.075 0.2890625
0 0.196875 0.51640625 0.0171875 0.0328125
0 0.23203125 0.259375 0.03125 0.0578125
0 0.3984375 0.58984375 0.046875 0.0546875
0 0.28984375 0.9328125 0.071875 0.1234375
0 0.44453125 0.840625 0.1234375 0.1453125
0 0.5390625 0.79765625 0.015625 0.0375
2 0.31484375 0.8046875 0.096875 0.1375