2 0.8703125 0.23671875 0.259375 0.3765625
2 0.07734375 0.66015625 0.1546875 0.5546875
2 0.2125 0.1046875 0.1421875 0.1625
0 0.1546875 0.846875 0.190625 0.228125
0 0.24765625 0.025 0.0953125 0.05
0 0.2171875 0.34609375 0.0953125 0.20625
0 0.38671875 0.3609375 0.14375 0.315625
0 0.2578125 0.65234375 0.0625 0.1484375
0 0.75 0.41328125 0.0578125 0.121875
0 0.77578125 0.7453125 0.1765625 0.4921875
0 0.940625 0.8171875 0.0578125 0.1890625
0 0.6484375 0.1328125 0.03125 0.0734375
0 0.49921875 0.37265625 0.046875 0.1390625