0 0.4609375 0.74296875 0.0625 0.159375
0 0.29140625 0.75859375 0.084375 0.196875
0 0.034375 0.61640625 0.06875 0.1328125
0 0.109375 0.35078125 0.134375 0.328125
0 0.190625 0.01953125 0.053125 0.0390625
0 0.19296875 0.12421875 0.0609375 0.090625
0 0.31484375 0.94765625 0.0921875 0.078125
0 0.41953125 0.384375 0.040625 0.059375
2 0.49296875 0.46796875 0.128125 0.3515625
2 0.0734375 0.83046875 0.146875 0.2421875
2 0.37109375 0.796875 0.0921875 0.2015625
2 0.196875 0.8515625 0.1015625 0.2046875
2 0.02734375 0.440625 0.0390625 0.1203125