0 0.1140625 0.5453125 0.096875 0.15546875
0 0.0890625 0.7609375 0.03828125 0.09296875
0 0.4203125 0.5421875 0.028125 0.04296875
0 0.45546875 0.96484375 0.040625 0.0703125
2 0.42734375 0.315625 0.30078125 0.28984375
2 0.25703125 0.8828125 0.1953125 0.234375
2 0.41875 0.77734375 0.075 0.24296875
2 0.2375 0.30546875 0.07109375 0.11015625
2 0.54296875 0.81015625 0.11328125 0.09140625
2 0.10234375 0.91953125 0.1109375 0.1609375
2 0.615625 0.9609375 0.16875 0.078125
0 0.01484375 0.5671875 0.0265625 0.05546875