2 0.31484375 0.1296875 0.2765625 0.24140625
2 0.30390625 0.36640625 0.09375 0.21875
2 0.1890625 0.55 0.08515625 0.1765625
2 0.81328125 0.3015625 0.3640625 0.603125
0 0.03359375 0.14140625 0.04296875 0.16796875
0 0.090625 0.303125 0.03046875 0.08203125
0 0.17421875 0.390625 0.109375 0.1203125
0 0.140625 0.2703125 0.03515625 0.134375
0 0.14296875 0.82265625 0.028125 0.15234375
0 0.13359375 0.965625 0.06875 0.06796875
0 0.62421875 0.3140625 0.04453125 0.10625
0 0.60859375 0.83984375 0.0375 0.13828125
2 0.08203125 0.60078125 0.096875 0.23984375