2 0.86015625 0.1765625 0.2796875 0.3375
2 0.07578125 0.7296875 0.13828125 0.53984375
2 0.15390625 0.1546875 0.12109375 0.14609375
0 0.21328125 0.896875 0.16015625 0.20546875
0 0.17265625 0.04453125 0.08203125 0.0890625
0 0.196875 0.3921875 0.065625 0.1984375
0 0.36640625 0.38046875 0.096875 0.3046875
0 0.284375 0.68828125 0.04140625 0.14296875
0 0.73359375 0.375 0.03984375 0.11640625
0 0.8109375 0.69921875 0.103125 0.48203125
0 0.98515625 0.74453125 0.0296875 0.18671875
0 0.5890625 0.1140625 0.0203125 0.07109375
0 0.47890625 0.37421875 0.0265625 0.1359375