2 0.48828125 0.40234375 0.303125 0.296875
2 0.17109375 0.8609375 0.1640625 0.234375
2 0.0453125 0.91875 0.0859375 0.1625
2 0.44140625 0.68984375 0.16875 0.159375
0 0.04375 0.690625 0.0875 0.25625
0 0.09296875 0.42734375 0.115625 0.23125
0 0.1484375 0.1609375 0.0703125 0.2875
0 0.196875 0.521875 0.0171875 0.0328125
0 0.228125 0.2640625 0.03125 0.0578125
0 0.4 0.59140625 0.0453125 0.053125
0 0.29765625 0.93671875 0.06875 0.121875
0 0.45078125 0.84140625 0.1203125 0.14375
0 0.54453125 0.796875 0.015625 0.0375
2 0.3203125 0.8078125 0.09375 0.1359375