2 0.37421875 0.2828125 0.321875 0.428125
2 0.26484375 0.91640625 0.1328125 0.1671875
2 0.4109375 0.8890625 0.0875 0.1671875
2 0.5 0.6046875 0.13125 0.3140625
2 0.146875 0.9578125 0.153125 0.084375
0 0.38515625 0.98046875 0.0640625 0.0390625
0 0.53125 0.8796875 0.059375 0.0921875
0 0.59375 0.84296875 0.0328125 0.0625
0 0.41640625 0.6484375 0.0265625 0.0578125
0 0.0765625 0.8625 0.0765625 0.1796875
0 0.09375 0.6078125 0.1875 0.3453125
0 0.090625 0.19921875 0.08125 0.190625
0 0.1421875 0.3890625 0.0515625 0.08125
0 0.20234375 0.36796875 0.0359375 0.0515625
2 0.45703125 0.76640625 0.05625 0.1078125