0 0.48671875 0.7453125 0.04609375 0.1546875
0 0.31953125 0.77890625 0.06484375 0.190625
0 0.04609375 0.665625 0.0625 0.1265625
0 0.09609375 0.3921875 0.10078125 0.31953125
0 0.14140625 0.040625 0.046875 0.0640625
0 0.15546875 0.15859375 0.05234375 0.08515625
0 0.3625 0.96484375 0.08515625 0.0703125
0 0.4078125 0.39375 0.034375 0.05546875
2 0.48984375 0.46875 0.09296875 0.34375
2 0.09296875 0.875 0.1578125 0.22734375
2 0.403125 0.80859375 0.071875 0.19453125
2 0.23515625 0.88125 0.08203125 0.19765625
2 0.0234375 0.490625 0.02734375 0.11796875