2 0.78046875 0.48515625 0.4390625 0.9703125
2 0.2703125 0.27421875 0.1671875 0.3171875
2 0.04921875 0.40546875 0.0984375 0.3578125
0 0.08984375 0.21640625 0.175 0.2421875
0 0.08046875 0.6546875 0.065625 0.065625
0 0.13515625 0.79921875 0.1859375 0.2046875
0 0.259375 0.82734375 0.053125 0.0890625
0 0.25703125 0.64296875 0.0578125 0.1078125
0 0.36640625 0.18203125 0.065625 0.1859375
0 0.41953125 0.13046875 0.0625 0.1953125
0 0.20703125 0.07265625 0.065625 0.0859375
0 0.6390625 0.62734375 0.046875 0.08125