2 0.07421875 0.89296875 0.1484375 0.2140625
2 0.18671875 0.60234375 0.096875 0.34453125
2 0.3890625 0.5015625 0.16171875 0.2734375
2 0.30234375 0.7765625 0.11796875 0.171875
2 0.69375 0.890625 0.315625 0.21796875
2 0.65625 0.4171875 0.18671875 0.3078125
2 0.61875 0.1375 0.1109375 0.2546875
2 0.44765625 0.28203125 0.13046875 0.17578125
0 0.684375 0.6765625 0.1015625 0.203125
0 0.825 0.69609375 0.12890625 0.4015625
0 0.96953125 0.4421875 0.05703125 0.24765625
0 0.16953125 0.92109375 0.09296875 0.15703125
0 0.38125 0.81953125 0.05546875 0.13046875
0 0.18515625 0.24140625 0.04375 0.1
0 0.2796875 0.58125 0.040625 0.1875
0 0.91953125 0.9609375 0.025 0.07734375