2 0.31953125 0.8171875 0.08671875 0.1765625
2 0.20859375 0.83046875 0.1015625 0.1921875
2 0.04140625 0.69140625 0.06171875 0.13828125
2 0.41796875 0.8640625 0.07578125 0.12109375
2 0.64765625 0.83515625 0.20234375 0.13125
2 0.5625 0.2765625 0.14140625 0.43203125
0 0.42890625 0.56953125 0.04921875 0.09140625
0 0.0140625 0.55859375 0.0265625 0.06875
0 0.090625 0.75546875 0.040625 0.096875
0 0.4890625 0.940625 0.090625 0.11875
0 0.29453125 0.959375 0.06015625 0.0796875
0 0.1171875 0.52890625 0.09609375 0.1796875
0 0.16875 0.41796875 0.0234375 0.0515625
2 0.41484375 0.35078125 0.08515625 0.18671875