2 0.34765625 0.83203125 0.1015625 0.1828125
2 0.23828125 0.8546875 0.1171875 0.2
2 0.06015625 0.73046875 0.0734375 0.14375
2 0.45 0.86953125 0.0859375 0.1265625
2 0.6765625 0.82109375 0.2125 0.1484375
2 0.54296875 0.271875 0.178125 0.4421875
0 0.43515625 0.57578125 0.05625 0.0953125
0 0.02109375 0.60078125 0.0328125 0.0703125
0 0.1140625 0.78984375 0.0484375 0.1
0 0.5265625 0.93828125 0.1 0.1234375
0 0.33515625 0.96640625 0.0671875 0.0671875
0 0.12109375 0.5625 0.1109375 0.1875
0 0.1625 0.446875 0.028125 0.053125
2 0.40234375 0.35859375 0.1015625 0.19375