2 0.4140625 0.2640625 0.2703125 0.3953125
2 0.19296875 0.8890625 0.10625 0.1953125
2 0.34453125 0.86796875 0.065625 0.1609375
2 0.48203125 0.603125 0.0890625 0.3046875
2 0.0671875 0.9234375 0.134375 0.1375
0 0.30234375 0.9671875 0.05625 0.0609375
0 0.465625 0.87890625 0.046875 0.0875
0 0.5328125 0.85390625 0.025 0.0609375
0 0.3921875 0.63203125 0.0203125 0.05625
0 0.0234375 0.7828125 0.046875 0.175
0 0.08125 0.5359375 0.14375 0.3296875
0 0.14921875 0.1328125 0.05625 0.1859375
0 0.1671875 0.32890625 0.040625 0.0765625
0 0.2296875 0.31796875 0.0296875 0.0484375
2 0.4109375 0.7546875 0.0421875 0.103125