0 0.525 0.74453125 0.0703125 0.159375
0 0.365625 0.80390625 0.09375 0.1984375
0 0.07734375 0.734375 0.08125 0.134375
0 0.084375 0.45703125 0.15 0.33125
0 0.07421875 0.10234375 0.05625 0.0703125
0 0.10625 0.21640625 0.065625 0.0921875
0 0.43671875 0.96953125 0.0953125 0.0609375
0 0.3921875 0.409375 0.0421875 0.0609375
2 0.48515625 0.47109375 0.1453125 0.3546875
2 0.15703125 0.9046875 0.1921875 0.190625
2 0.45234375 0.8203125 0.1015625 0.203125
2 0.2984375 0.90703125 0.1125 0.1859375
2 0.028125 0.565625 0.0453125 0.1203125