2 0.41015625 0.265625 0.26328125 0.39140625
2 0.2 0.89453125 0.103125 0.19375
2 0.35078125 0.8703125 0.06328125 0.159375
2 0.48359375 0.603125 0.084375 0.30390625
2 0.07421875 0.93203125 0.134375 0.13515625
0 0.31015625 0.9703125 0.0546875 0.059375
0 0.471875 0.8796875 0.04609375 0.0859375
0 0.5390625 0.853125 0.02421875 0.06015625
0 0.39453125 0.63359375 0.01875 0.05625
0 0.025 0.79140625 0.05 0.1734375
0 0.08203125 0.54296875 0.13828125 0.32734375
0 0.14296875 0.1390625 0.05234375 0.18515625
0 0.1640625 0.334375 0.03984375 0.07578125
0 0.2265625 0.32265625 0.02890625 0.04765625
2 0.415625 0.75625 0.03984375 0.103125