2 0.5015625 0.5 0.9953125 1
0 0.1578125 0.07421875 0.075 0.128125
0 0.0625 0.340625 0.0734375 0.1171875
0 0.20546875 0.4015625 0.0265625 0.10546875
0 0.25234375 0.92265625 0.06875 0.14140625
0 0.16171875 0.9453125 0.06171875 0.1
0 0.55625 0.91015625 0.05390625 0.15390625
0 0.5 0.11171875 0.03984375 0.0953125
0 0.58671875 0.1109375 0.053125 0.1171875
0 0.76484375 0.39921875 0.0515625 0.12109375
0 0.81171875 0.5625 0.05078125 0.12265625
0 0.6078125 0.33046875 0.08984375 0.18984375
0 0.66015625 0.05234375 0.0546875 0.0984375
0 0.7046875 0.25390625 0.0328125 0.05546875