2 0.02265625 0.63046875 0.0453125 0.20078125
2 0.87421875 0.84140625 0.078125 0.13515625
0 0.07265625 0.4453125 0.025 0.0734375
0 0.08046875 0.66328125 0.06796875 0.08046875
0 0.09765625 0.88515625 0.06015625 0.071875
0 0.1203125 0.4390625 0.0171875 0.07578125
0 0.41328125 0.90390625 0.10390625 0.09296875
0 0.50859375 0.925 0.040625 0.0875
0 0.55859375 0.746875 0.059375 0.0671875
0 0.8125 0.80859375 0.0140625 0.0875
0 0.709375 0.8765625 0.034375 0.03125
0 0.77265625 0.96796875 0.1546875 0.04296875