2 0.13828125 0.2390625 0.2765625 0.35625
2 0.415625 0.06171875 0.084375 0.11875
2 0.18984375 0.83671875 0.1421875 0.23125
0 0.59921875 0.01640625 0.0546875 0.0328125
0 0.28046875 0.2390625 0.0765625 0.1109375
0 0.36875 0.0546875 0.0390625 0.05625
0 0.075 0.68203125 0.13125 0.2203125
0 0.203125 0.97421875 0.140625 0.0515625
0 0.18984375 0.5140625 0.19375 0.334375
0 0.41171875 0.60859375 0.065625 0.0984375
0 0.66640625 0.69921875 0.1140625 0.1609375
0 0.79453125 0.03828125 0.0640625 0.0765625
0 0.71171875 0.3359375 0.08125 0.14375
0 0.55859375 0.1234375 0.0828125 0.121875
0 0.83359375 0.3828125 0.04375 0.0625
0 0.77109375 0.4640625 0.0671875 0.1015625