0 0.07734375 0.7234375 0.09453125 0.35
0 0.47109375 0.07578125 0.065625 0.06640625
0 0.39921875 0.32578125 0.05703125 0.12109375
0 0.35078125 0.4921875 0.04609375 0.06796875
0 0.271875 0.53984375 0.01640625 0.06484375
0 0.3390625 0.31328125 0.04140625 0.09375
0 0.3984375 0.76796875 0.01484375 0.0703125
0 0.58671875 0.746875 0.0328125 0.071875
0 0.7671875 0.81328125 0.01640625 0.0515625
0 0.72265625 0.91953125 0.01875 0.0515625
0 0.7625 0.340625 0.07890625 0.1484375
0 0.95546875 0.453125 0.0890625 0.0953125
0 0.96171875 0.9125 0.0453125 0.071875
0 0.6328125 0.271875 0.02890625 0.0578125
0 0.5984375 0.9734375 0.0375 0.053125
2 0.50390625 0.50234375 0.9921875 0.9921875