0 0.39609375 0.5390625 0.034375 0.0609375
0 0.43828125 0.5671875 0.015625 0.04375
0 0.4515625 0.9265625 0.103125 0.146875
2 0.26484375 0.8140625 0.153125 0.1796875
2 0.03046875 0.665625 0.05 0.1609375
2 0.38046875 0.43515625 0.053125 0.090625
2 0.3671875 0.8703125 0.0796875 0.21875
2 0.48046875 0.8 0.0890625 0.1078125
2 0.5546875 0.42265625 0.046875 0.1
0 0.07578125 0.71796875 0.040625 0.103125
0 0.01484375 0.515625 0.0296875 0.084375
0 0.11328125 0.52109375 0.1125 0.1765625
0 0.18203125 0.38046875 0.0234375 0.071875
0 0.10703125 0.39140625 0.059375 0.1171875
2 0.159375 0.82734375 0.0984375 0.2125