2 0.82265625 0.303125 0.34609375 0.56796875
2 0.2859375 0.184375 0.16015625 0.3484375
2 0.1 0.55546875 0.13046875 0.26796875
0 0.1109375 0.9234375 0.12265625 0.153125
0 0.18359375 0.3421875 0.08984375 0.13203125
0 0.03671875 0.08828125 0.04375 0.1390625
0 0.115625 0.23359375 0.07890625 0.1375
0 0.62265625 0.2890625 0.0609375 0.15625
0 0.56953125 0.4484375 0.0578125 0.15234375
0 0.565625 0.225 0.0265625 0.0890625
2 0.55234375 0.30546875 0.053125 0.11015625
2 0.625 0.11484375 0.05546875 0.22265625