2 0.8421875 0.16640625 0.296875 0.3328125
2 0.0875 0.7390625 0.165625 0.521875
2 0.1359375 0.1734375 0.128125 0.1515625
0 0.23359375 0.90234375 0.1703125 0.1953125
0 0.14921875 0.0625 0.0859375 0.09375
0 0.19140625 0.4078125 0.0765625 0.2015625
0 0.36015625 0.3875 0.1125 0.309375
0 0.29453125 0.69921875 0.0484375 0.1453125
0 0.7265625 0.36328125 0.0453125 0.11875
0 0.82109375 0.6828125 0.128125 0.4875
0 0.9890625 0.71875 0.021875 0.1875
0 0.56875 0.11015625 0.0234375 0.071875
0 0.47265625 0.37578125 0.034375 0.1375