2 0.18984375 0.93359375 0.1984375 0.1328125
2 0.22421875 0.6796875 0.1828125 0.3578125
2 0.39296875 0.53046875 0.2265625 0.30625
2 0.38046875 0.81796875 0.1578125 0.196875
2 0.78828125 0.82734375 0.3609375 0.2921875
2 0.6296875 0.3796875 0.259375 0.3453125
2 0.52109375 0.128125 0.1734375 0.25625
2 0.39296875 0.303125 0.171875 0.203125
0 0.7234375 0.62265625 0.15 0.221875
0 0.86484375 0.60546875 0.228125 0.421875
0 0.93828125 0.32265625 0.11875 0.2546875
0 0.28984375 0.95234375 0.1296875 0.0953125
0 0.46796875 0.8390625 0.0875 0.140625
0 0.12890625 0.33203125 0.06875 0.1078125
0 0.30859375 0.63515625 0.0875 0.1921875