0 0.125 0.79921875 0.18125 0.4015625
0 0.35859375 0.634375 0.1375 0.2609375
0 0.4921875 0.96328125 0.0296875 0.065625
0 0.65078125 0.93125 0.028125 0.08125
0 0.690625 0.91484375 0.0296875 0.0859375
0 0.58359375 0.66484375 0.0828125 0.1859375
0 0.621875 0.43359375 0.0890625 0.1921875
0 0.8140625 0.57421875 0.075 0.13125
0 0.87109375 0.6515625 0.053125 0.11875
0 0.76953125 0.8015625 0.0375 0.1453125
0 0.8 0.86484375 0.0234375 0.053125
0 0.8375 0.84140625 0.0390625 0.071875
2 0.571875 0.85625 0.1234375 0.1703125
2 0.8421875 0.2171875 0.30625 0.434375
2 0.95703125 0.8140625 0.0859375 0.3
2 0.8109375 0.7328125 0.0578125 0.1671875
2 0.2171875 0.49296875 0.1328125 0.30625