2 0.346875 0.1234375 0.296875 0.246875
2 0.31640625 0.35 0.1125 0.2265625
2 0.1859375 0.52265625 0.1 0.1828125
2 0.8109375 0.32890625 0.378125 0.6328125
0 0.06640625 0.10234375 0.0578125 0.1703125
0 0.109375 0.26796875 0.0375 0.084375
0 0.18515625 0.3625 0.11875 0.1296875
0 0.16171875 0.23984375 0.046875 0.1375
0 0.11640625 0.790625 0.040625 0.1546875
0 0.09453125 0.93203125 0.075 0.0734375
0 0.63984375 0.32578125 0.053125 0.109375
0 0.57890625 0.84765625 0.05 0.140625
2 0.075 0.5640625 0.1171875 0.246875