0 0.39921875 0.54609375 0.03125 0.0578125
0 0.44296875 0.571875 0.0125 0.0421875
0 0.48125 0.92890625 0.09375 0.1421875
2 0.2875 0.8296875 0.140625 0.171875
2 0.04296875 0.6984375 0.0390625 0.159375
2 0.37578125 0.44375 0.046875 0.0875
2 0.39375 0.87890625 0.065625 0.215625
2 0.5015625 0.80078125 0.0828125 0.1015625
2 0.54921875 0.41875 0.040625 0.0984375
0 0.09140625 0.746875 0.034375 0.1015625
0 0.01484375 0.54921875 0.0296875 0.0828125
0 0.115625 0.54765625 0.1015625 0.1703125
0 0.17421875 0.403125 0.01875 0.071875
0 0.10078125 0.41875 0.0515625 0.1140625
2 0.1828125 0.85 0.084375 0.20625