0 0.60234375 0.0828125 0.1609375 0.165625
0 0.73125 0.240625 0.06875 0.1375
0 0.84765625 0.471875 0.0671875 0.16875
0 0.615625 0.8390625 0.096875 0.128125
0 0.27890625 0.92890625 0.0828125 0.1421875
0 0.11171875 0.09921875 0.109375 0.13125
0 0.04921875 0.34921875 0.0984375 0.2296875
0 0.20078125 0.38828125 0.0421875 0.0734375
0 0.4 0.31015625 0.046875 0.1421875
0 0.44765625 0.3046875 0.0640625 0.1640625
0 0.4796875 0.10078125 0.0390625 0.0703125
0 0.571875 0.50859375 0.0234375 0.0609375
2 0.12265625 0.73984375 0.2421875 0.5203125
2 0.040625 0.1515625 0.08125 0.159375
2 0.12890625 0.24375 0.13125 0.190625
2 0.33203125 0.0953125 0.18125 0.175