0 0.64609375 0.0859375 0.14375 0.17109375
0 0.75703125 0.26640625 0.0546875 0.1328125
0 0.8484375 0.50859375 0.05 0.16484375
0 0.5796875 0.84921875 0.084375 0.1203125
0 0.23359375 0.91640625 0.06640625 0.16328125
0 0.15546875 0.0609375 0.09765625 0.121875
0 0.053125 0.3015625 0.10625 0.2203125
0 0.2140625 0.3578125 0.034375 0.06953125
0 0.4203125 0.30078125 0.0328125 0.1390625
0 0.46875 0.3 0.04765625 0.16015625
0 0.521875 0.10078125 0.0328125 0.06796875
0 0.5703125 0.51640625 0.01796875 0.06015625
2 0.096875 0.72265625 0.1859375 0.5484375
2 0.0578125 0.103125 0.11015625 0.14921875
2 0.1578125 0.20625 0.11328125 0.18046875
2 0.375 0.0796875 0.16484375 0.159375