0 0.1171875 0.78671875 0.1484375 0.3609375
0 0.40546875 0.08515625 0.075 0.0765625
0 0.3734375 0.34375 0.075 0.128125
0 0.3515625 0.515625 0.05625 0.075
0 0.28125 0.575 0.0265625 0.0671875
0 0.31171875 0.340625 0.05625 0.0984375
0 0.44140625 0.78046875 0.025 0.071875
0 0.62421875 0.73046875 0.04375 0.0765625
0 0.81328125 0.76796875 0.025 0.053125
0 0.78515625 0.8796875 0.0265625 0.053125
0 0.734375 0.3015625 0.1015625 0.159375
0 0.9421875 0.3828125 0.103125 0.1078125
0 0.5953125 0.25390625 0.0375 0.0609375
0 0.67109375 0.95234375 0.0453125 0.0578125
2 0.5 0.5 1 1