0 0.10546875 0.7765625 0.153125 0.39765625
0 0.34921875 0.62421875 0.1203125 0.253125
0 0.46015625 0.96171875 0.025 0.0640625
0 0.6203125 0.940625 0.021875 0.0796875
0 0.6609375 0.92734375 0.0234375 0.08515625
0 0.571875 0.6703125 0.06953125 0.18203125
0 0.6265625 0.4421875 0.07578125 0.1875
0 0.8078125 0.59609375 0.06640625 0.1265625
0 0.859375 0.67734375 0.0453125 0.11640625
0 0.74765625 0.81953125 0.02734375 0.14375
0 0.7734375 0.88515625 0.0203125 0.05234375
0 0.8125 0.8640625 0.034375 0.06953125
0 0.99453125 0.69296875 0.01015625 0.09140625
2 0.546875 0.86015625 0.11171875 0.16328125
2 0.86171875 0.2296875 0.2765625 0.440625
2 0.94453125 0.846875 0.0875 0.2953125
2 0.79375 0.75390625 0.046875 0.16484375
2 0.21796875 0.4734375 0.11171875 0.2984375