0 0.4 0.54765625 0.0296875 0.0578125
0 0.44453125 0.57265625 0.01171875 0.0421875
0 0.4890625 0.9296875 0.090625 0.140625
2 0.29296875 0.83359375 0.13828125 0.16875
2 0.046875 0.70625 0.03671875 0.15859375
2 0.375 0.44609375 0.04609375 0.08671875
2 0.4 0.88046875 0.06171875 0.2140625
2 0.50703125 0.80078125 0.08046875 0.10078125
2 0.54765625 0.41796875 0.0390625 0.09765625
0 0.09609375 0.75390625 0.03203125 0.10078125
0 0.01484375 0.55859375 0.0296875 0.0828125
0 0.11640625 0.5546875 0.0984375 0.16875
0 0.17265625 0.40859375 0.01796875 0.07109375
0 0.09921875 0.42578125 0.05 0.11328125
2 0.1890625 0.85546875 0.08125 0.20546875