0 0.1421875 0.8078125 0.2 0.384375
0 0.365625 0.64140625 0.15 0.265625
0 0.51640625 0.96328125 0.0328125 0.0671875
0 0.6734375 0.92265625 0.03125 0.08125
0 0.71171875 0.9046875 0.034375 0.0875
0 0.5921875 0.66015625 0.090625 0.1890625
0 0.61875 0.42734375 0.0984375 0.1953125
0 0.8171875 0.5578125 0.08125 0.134375
0 0.878125 0.63203125 0.059375 0.1203125
0 0.784375 0.78671875 0.0453125 0.1453125
0 0.81796875 0.84921875 0.0265625 0.0546875
0 0.8546875 0.8234375 0.0421875 0.0734375
2 0.590625 0.8515625 0.13125 0.175
2 0.825 0.2109375 0.328125 0.421875
2 0.9609375 0.7890625 0.078125 0.303125
2 0.82265625 0.71640625 0.0671875 0.16875
2 0.2171875 0.5078125 0.146875 0.309375